Marco = {
    'Matematica': [8, 7,5,9],
    'Italiano': [6, 5, 7],
    'Scienze': [7, 8, 6]
}
Sara = {
    'Matematica': [9, 8, 5,7, 10],
    'Italiano': [7, 8, 7],
    'Storia': [6, 6, 7, 7]
}
Luca = {
    'Fisica': [5, 6, 4],
    'Storia': [8, 7, 4, 9],
    'Inglese': [7, 6, 7]
}


# Matrice dei costi (0 è il nodo di partenza/ritorno)
matrice6 = [
    [0, 5, 4, 4, 6, 11, 11],   # Nodo 0
    [5, 0, 5, 5, 6, 12, 6],     # Nodo 1
    [4, 5, 0, 4, 6, 7, 11],     # Nodo 2
    [4, 5, 4, 0, 2, 8, 7],      # Nodo 3
    [6, 6, 6, 2, 0, 5, 5],      # Nodo 4
    [11, 12, 7, 8, 5, 0, 6],    # Nodo 5
    [11, 6, 11, 7, 5, 6, 0]     # Nodo 6
] #Mio 0.00 Google: 0.00
matrice10 = [
    [0, 4, 1, 1, 8, 2, 8, 2, 2, 7] ,
    [4, 0, 5, 3, 9, 6, 9, 6, 4, 8] ,
    [1, 5, 0, 2, 9, 1, 7, 3, 3, 6] ,
    [1, 3, 2, 0, 9, 3, 7, 3, 1, 6] ,
    [8, 9, 9, 9, 0, 10, 6, 6, 10, 7] ,
    [2, 6, 1, 3, 10, 0, 6, 4, 4, 5] ,
    [8, 9, 7, 7, 6, 6, 0, 10, 6, 1] ,
    [2, 6, 3, 3, 6, 4, 10, 0, 4, 9] ,
    [2, 4, 3, 1, 10, 4, 6, 4, 0, 5] ,
    [7, 8, 6, 6, 7, 5, 1, 9, 5, 0]
] #Mio 0.14 Google: 0.17
matrice12 = [
    [0, 5, 4, 3, 1, 2, 8, 2, 2, 6, 7, 4] ,
    [5, 0, 1, 3, 4, 4, 8, 6, 4, 6, 4, 6] ,
    [4, 1, 0, 4, 3, 3, 9, 6, 5, 5, 3, 7] ,
    [3, 3, 4, 0, 4, 5, 7, 3, 1, 3, 7, 3] ,
    [1, 4, 3, 4, 0, 1, 7, 3, 3, 6, 6, 5] ,
    [2, 4, 3, 5, 1, 0, 8, 4, 4, 5, 6, 6] ,
    [8, 8, 9, 7, 7, 8, 0, 10, 8, 10, 12, 10] ,
    [2, 6, 6, 3, 3, 4, 10, 0, 4, 6, 9, 2] ,
    [2, 4, 5, 1, 3, 4, 8, 4, 0, 4, 8, 2] ,
    [6, 6, 5, 3, 6, 5, 10, 6, 4, 0, 8, 5] ,
    [7, 4, 3, 7, 6, 6, 12, 9, 8, 8, 0, 10] ,
    [4, 6, 7, 3, 5, 6, 10, 2, 2, 5, 10, 0]
] #Mio: 18 Google: 25
matrice13 = [
    [0, 2, 4, 10, 2, 1, 4, 5, 6, 9, 5, 3, 5] ,
    [2, 0, 3, 8, 4, 3, 6, 6, 4, 11, 7, 5, 7] ,
    [4, 3, 0, 11, 4, 3, 6, 6, 7, 11, 7, 5, 7] ,
    [10, 8, 11, 0, 11, 10, 13, 14, 12, 13, 12, 12, 14] ,
    [2, 4, 4, 11, 0, 1, 4, 5, 6, 9, 3, 3, 5] ,
    [1, 3, 3, 10, 1, 0, 3, 4, 5, 8, 4, 2, 4] ,
    [4, 6, 6, 13, 4, 3, 0, 4, 2, 5, 7, 3, 7] ,
    [5, 6, 6, 14, 5, 4, 4, 0, 2, 9, 8, 6, 8] ,
    [6, 4, 7, 12, 6, 5, 2, 2, 0, 7, 9, 5, 9] ,
    [9, 11, 11, 13, 9, 8, 5, 9, 7, 0, 12, 8, 9] ,
    [5, 7, 7, 12, 3, 4, 7, 8, 9, 12, 0, 6, 8] ,
    [3, 5, 5, 12, 3, 2, 3, 6, 5, 8, 6, 0, 6] ,
    [5, 7, 7, 14, 5, 4, 7, 8, 9, 9, 8, 6, 0] ,
] # Mio: 270 Google: 325
matrice14 = [
    [0, 12, 7, 15, 10, 18, 5, 14, 9, 16, 11, 19, 6, 13],
    [12, 0, 19, 7, 14, 6, 11, 10, 17, 5, 12, 8, 15, 9],
    [7, 19, 0, 12, 17, 5, 10, 15, 8, 13, 18, 6, 11, 14],
    [15, 7, 12, 0, 19, 11, 16, 5, 10, 17, 14, 9, 12, 8],
    [10, 14, 17, 19, 0, 12, 15, 8, 13, 18, 5, 10, 11, 16],
    [18, 6, 5, 11, 12, 0, 17, 10, 7, 14, 19, 8, 13, 15],
    [5, 11, 10, 16, 15, 17, 0, 12, 19, 6, 13, 18, 7, 10],
    [14, 10, 15, 5, 8, 10, 12, 0, 11, 16, 7, 14, 19, 6],
    [9, 17, 8, 10, 13, 7, 19, 11, 0, 12, 15, 6, 14, 18],
    [16, 5, 13, 17, 18, 14, 6, 16, 12, 0, 11, 10, 7, 19],
    [11, 12, 18, 14, 5, 19, 13, 7, 15, 11, 0, 16, 8, 10],
    [19, 8, 6, 9, 10, 8, 18, 14, 6, 10, 16, 0, 12, 17],
    [6, 15, 11, 12, 11, 13, 7, 19, 14, 7, 8, 12, 0, 16],
    [13, 9, 14, 8, 16, 15, 10, 6, 18, 19, 10, 17, 16, 0]
] #Mio: ??? Google: ???
